0000000000000000 0 NULL
0000000000000111 1 ???
0000000000011011 2 ???
0000000001001001 3 ???
0000000001010101 4 ???
0000000001100011 5 ???
0000000001111111 6 ???
0000000010100101 7 ???
0000000100010001 8 ???
0000000100101011 9 \t
0000000100111101 10 \n
0000000110000011 11 ???
0000000110011111 12 ???
0000000111100111 13 \r
0000000111111011 14 ???
0000001000101101 15 ???
0000001010001111 16 ???
0000001010011001 17 ???
0000001010110011 18 ???
0000001011000011 19 ???
0000001011110101 20 ???
0000001101000101 21 ???
0000001101010011 22 ???
0000001101101111 23 ???
0000001111001001 24 ???
0000010000110101 25 ???
0000010010001001 26 ???
0000010010010111 27 ???
0000010010100011 28 ???
0000010011011101 29 ???
0000010011101111 30 ???
0000010100000101 31 ???
0000010101001111 32 \s
0000010101111001 33 !
0000010111010011 34 "
0000011000011111 35 #
0000011001011001 36 $
0000011001100001 37 %
0000011010111101 38 &
0000011011111011 39 '
0000011100100111 40 (
0000011100111011 41 )
0000011101110101 42 *
0000011111000111 43 +
0000100010011101 44 ,
0000100011010011 45 -
0000100011101101 46 .
0000100100001001 47 /
0000100101110101 48 0
0000100111000101 49 1
0000100111001011 50 2
0000101000010101 51 3
0000101001000111 52 4
0000101001011011 53 5
0000101010101011 54 6
0000101011111001 55 7
0000101100011111 56 8
0000101100100011 57 9
0000101110010001 58 :
0000101110101101 59 ;
0000101111111111 60 <
0000110100110111 61 =
0000110110011001 62 >
0000110110101011 63 ?
0000110111110001 64 @
0000111001101101 65 A
0000111010110111 66 B
0000111011001001 67 C
0000111101010111 68 D
0000111101101011 69 E
0001000100010111 70 F
0001000101001101 71 G
0001000110101101 72 H
0001001000110111 73 I
0001001001001111 74 J
0001001011000101 75 K
0001001100111001 76 L
0001001101100011 77 M
0001001111011101 78 N
0001010001110011 79 O
0001010101111111 80 P
0001010110110101 81 Q
0001010110111011 82 R
0001011010101011 83 S
0001011011100111 84 T
0001011101101001 85 U
0001011110011111 86 V
0001011111001011 87 W
0001100011100111 88 X
0001100100111111 89 Y
0001100101101011 90 Z
0001100110001111 91 [
0001100110110011 92 \
0001100111010111 93 ]
0001100111111101 94 ^
0001101010111101 95 _
0001101111011011 96 `
0001110001110101 97 a
0001110011111111 98 b
0001110111001001 99 c
0001111001011101 100 d
0001111011001111 101 e
0001111100110101 102 f
0001111111110111 103 g
0010010110011101 104 h
0010010110100111 105 i
0010011001001101 106 j
0010011101111111 107 k
0010011111011011 108 l
0010100101111011 109 m
0010100110111101 110 n
0010100111101111 111 o
0010101010100111 112 p
0010101011010111 113 q
0010101101111101 114 r
0010101110011011 115 s
0010101111110011 116 t
0010111010111011 117 u
0010111101001111 118 v
0010111111010101 119 w
0011001100110011 120 x
0011001111110101 121 y
0011010011101101 122 z
0011010101110101 123 ä
0011101001110111 124 ö
0011110111101011 125 ü
0011111110111111 126 ß
0101010101010101 127 ~
